   8.0073740291680805E-003
   8.7032472583339054E-003
   8.9483931681436975E-003
   8.7032472583339054E-003
   8.0073740291680805E-003
  0.36870324725833392     
   9.4595946890676536E-003
   9.7260447711634834E-003
   9.4595946890676554E-003
  0.36870324725833392     
  0.36894839316814376     
   9.7260447711634834E-003
   1.0000000000000000E-002
   9.7260447711634852E-003
  0.36894839316814376     
  0.36870324725833392     
   9.4595946890676554E-003
   9.7260447711634852E-003
   9.4595946890676571E-003
  0.36870324725833392     
   7.5746512839696646E-003
   8.7032472583339054E-003
   9.4595946890676554E-003
   9.7260447711634852E-003
   9.4595946890676571E-003
