 -0.11772711365210495     
  0.53201074416344829     
 -0.43649709996688701     
   1.0478589665155489     
 -0.86975783587471589     
   1.5780775274384875     
 -0.93374843555626541     
  0.78499468506089665     
   1.2044305564806901     
  -1.8197516622987959     
   1.3219078577967214     
  -9.3468355286654689E-002
  -5.3988812467258738     
  -3.1534353839518028     
   3.6605795339501999     
   6.3164299255697189     
   4.2301307057464239     
   1.4640417598028395     
  0.14730046708447769     
  -1.9989760982958574E-002
  0.17107015737406503     
  0.33699103161697330     
  0.41911149588480201     
  0.45239736565109878     
  0.46698460220322235     
  0.47601922235829869     
  0.48365911726565503     
  0.49095224805092930     
  0.49811641501091136     
  0.50518750625763320     
  0.51216765328261349     
  0.51905361898537650     
  0.52584143604921119     
  0.53252712501631883     
  0.53910586710974773     
  0.54556277727642255     
  0.55187128188234813     
  0.55819124454725200     
  0.56514522316547966     
  0.57106703179182328     
  0.56784839537067044     
  0.57041959188081259     
  0.63993326895991876     
  0.65295029993283105     
  0.38307907381001283     
  0.51167995658886523     
   1.0168821409838691     
  0.38312195535675025     
  0.41553659437444967     
  0.54749060374549829     
  0.14526019070279522     
  0.16714053999181494     
  0.69806985936037858     
   6.7140883517100389E-002
  0.40808465221685125     
   1.4366430187694792     
  -1.6168376608040032     
   3.3913095679205125     
  -1.2793388143040800     
  -1.2116616065488970     
   2.3361305403647274     
  -5.2456377354517310     
  -9.1964319045207610     
  0.13201748495050933     
   9.9388292100191507     
   10.550399077627851     
   5.6530622941955224     
   1.5487582059937317     
   6.1952007544377574E-002
   8.6006284229390439E-002
  0.44236309954443614     
  0.68927580272900735     
  0.80353352636149455     
  0.85033445059995061     
  0.87293337096007018     
  0.88860769331712219     
  0.90255245350370450     
  0.91603049148231996     
  0.92929511809889309     
  0.94238461241053006     
  0.95529828330004340     
  0.96802931517541979     
  0.98056946136116385     
  0.99290970356595520     
   1.0050493969593273     
   1.0170090913109839     
   1.0286795963605215     
   1.0394186702625619     
   1.0499495868989994     
   1.0687738731000527     
   1.0926656350043900     
   1.0481241830729739     
  0.96772002068339347     
   1.2520824090717066     
   1.4937801180933397     
  0.63660605333950693     
  0.79343163214124013     
   1.6507907017699996     
  0.55059678502066134     
  0.74561851657288969     
  0.94995885026791860     
 -0.44468366138982446     
   1.7860314308867202     
  -1.1281557614568545     
   2.6616201613590071     
  -1.1769692201341189     
   1.3318541237660628     
   2.2328603057792380     
  -2.9156802477320136     
  0.73155874962713940     
  -1.2345362156284623     
  -9.7388427506065351     
  -6.9326083716688665     
   6.1530944782299715     
   14.223741184352315     
   11.972135897343120     
   5.6698934210995358     
   1.3789914116776876     
   8.4498153447903970E-002
  0.27463444918534369     
  0.71089169948497444     
  0.98833030047223602     
   1.1145820872556071     
   1.1680117754624522     
   1.1959401137482655     
   1.2166400815285940     
   1.2355064427890687     
   1.2538336949800841     
   1.2718770790544014     
   1.2896724065158640     
   1.3072160926696144     
   1.3244985188206722     
   1.3415076650228119     
   1.3582235720151912     
   1.3746219193968652     
   1.3907786158812898     
   1.4070544540564520     
   1.4229735999052799     
   1.4334506884419005     
   1.4381094731858890     
   1.4824096377579938     
   1.5835222898953494     
   1.4577607908915891     
   1.1001444253588377     
   1.6379066517285277     
   2.2196565432260225     
  0.98884640228708376     
   1.3351409152148994     
   1.5777999299484429     
  0.60512544796060752     
  0.45561458131700061     
  0.72375504464862572     
  0.37838304632575331     
  0.66158442997372557     
   1.3564717443075531     
 -0.78223934645234261     
   2.7981603169085694     
 -0.83812244813372894     
  -1.9447160584307868     
 -0.44196543077111550     
  -5.4507478135821419     
  -8.9506790035466821     
  -1.6827610382704863     
   10.413781188506494     
   15.700527144904729     
   11.934478002853769     
   5.3943650795437605     
   1.2912875697385935     
  0.16633670303273909     
  0.43663994301162484     
  0.90154483584124634     
   1.1887406943107313     
   1.3195792584292638     
   1.3764753042270572     
   1.4076526454173026     
   1.4315338409473894     
   1.4535280146879628     
   1.4749274047187191     
   1.4959844080649241     
   1.5167324148132793     
   1.5371657068280424     
   1.5572730410558941     
   1.5770417187176162     
   1.5964467685597317     
   1.6154149949934851     
   1.6338577291127194     
   1.6522727727511797     
   1.6727799520948476     
   1.6941099044386247     
   1.6947177575980701     
   1.6636513828987582     
   1.7399676102820687     
   2.0119261653288651     
   1.8387355822673355     
   1.1617271497903305     
   1.7724637805307066     
   2.2469331724184145     
   1.2234791569412840     
   1.6350999344610941     
  0.97992438425116490     
  0.26265940859399761     
   1.1427643839675463     
  -1.1326503680145400E-002
   1.6610596573555418     
 -0.12599246713617701     
   1.3072068139273927     
  0.86108901454098996     
  -1.8512969476164927     
  -1.5223252550552191     
  -3.0376117250171042     
  -5.7455412831035790     
  -4.9129688232777413     
   2.3883116648929645     
   12.078206826425543     
   15.769254183676672     
   11.668475364013677     
   5.2923296451496142     
   1.3644011325752328     
  0.32551983132906770     
  0.62581954017033559     
   1.0997416344019193     
   1.3905585242801752     
   1.5241523626598361     
   1.5837804139866425     
   1.6177047578145798     
   1.6443054544242339     
   1.6689698127838430     
   1.6929821262031433     
   1.7165914255861265     
   1.7398289153798974     
   1.7626870242629400     
   1.7851530991205804     
   1.8072152674112421     
   1.8288565165357631     
   1.8500039688578640     
   1.8703867553800908     
   1.8896907392702254     
   1.9097778448470568     
   1.9381848423893149     
   1.9729483419122615     
   1.9560095946089540     
   1.8488074257721252     
   1.9278536147132854     
   2.3690463360301877     
   2.2318669906090243     
   1.5587281032177145     
   2.0338297188943453     
   1.9759315542083151     
   1.4007231750923934     
   1.1912727902979385     
  0.64381215111132561     
  0.52921020287099252     
  0.78722515679067484     
  0.81063909100377574     
  0.40373782625541454     
   1.0806224914705016     
  -1.1711392941355767     
  -1.5306628001634888     
  -2.2968643719298680     
  -3.6388732151537440     
  -3.1946062680412934     
  -1.5237296012761985     
   4.0486138623036654     
   12.202629857375683     
   15.442134609079863     
   11.442297378164183     
   5.2336534712998528     
   1.3996832009360238     
  0.39533720675888945     
  0.70421454585235099     
   1.1793088221578472     
   1.4703023831284892     
   1.6043665744075977     
   1.6647100632229859     
   1.6994278724944485     
   1.7268166559247096     
   1.7522351874709647     
   1.7769594644859257     
   1.8012358790201659     
   1.8250943324458533     
   1.8485262419389605     
   1.8715180347426847     
   1.8940580168560652     
   1.9161384925285891     
   1.9377318861209873     
   1.9586273456498087     
   1.9780163342573804     
   1.9949754962703652     
   2.0142492794335065     
   2.0542957036962322     
   2.1141101984807840     
   2.0862223744432753     
   1.8975004882880988     
   1.9257353976301259     
   2.3514154144856070     
   2.2481734021374145     
   1.8825576337965562     
   2.0799376910959557     
   1.6544529940312085     
   1.1263696651803807     
  0.69273858952627254     
  0.52734145380130759     
  0.97677555525624982     
  0.40813507268087629     
  0.70644381752911123     
 -0.34150200208542114     
  -1.4380584507938403     
  -1.1182163902886166     
  -2.3623967292971373     
  -2.1295286925691141     
 -0.63050719662716459     
   6.8105271930614289E-002
   4.3613535127088197     
   12.002847301215210     
   15.255699404529482     
   11.388837218721841     
   5.2765769171610488     
   1.4884211059873249     
  0.49920973105430344     
  0.81057063438372734     
   1.2851031156883430     
   1.5757213850754064     
   1.7099920752332600     
   1.7708512384208346     
   1.8061731876962397     
   1.8341587556174208     
   1.8601355965676707     
   1.8853710847698011     
   1.9101091243240538     
   1.9343785534301678     
   1.9581700209074722     
   1.9814691033548979     
   2.0042629098229332     
   2.0265452010812970     
   2.0483195149401148     
   2.0695341219365972     
   2.0896794114761081     
   2.1068584997491704     
   2.1188780879992932     
   2.1344381537925110     
   2.1863529710694163     
   2.2772164621126927     
   2.2652002837510778     
   2.0639128714481889     
   2.0347942344234049     
   2.2525681552463808     
   2.1141707436117150     
   1.9444364108459835     
   1.7674792752427826     
   1.1243276303318230     
  0.63213457486214386     
  0.68731575100496267     
  0.63573005844761543     
  0.30095165355103165     
  0.11281147039652138     
 -0.82873636490563873     
 -0.81501503307822676     
 -0.64932713098486683     
  -1.4803645969035497     
 -0.48999777684612594     
  0.60751304229548575     
  0.39513393829280696     
   4.2123754402630302     
   11.800237137601428     
   15.127079574698767     
   11.333325375556097     
   5.2712401056066707     
   1.5092914111225815     
  0.52830579979128645     
  0.83929910460091939     
   1.3115246143816126     
   1.6003448189073795     
   1.7335115849447333     
   1.7936205022992930     
   1.8283016968123622     
   1.8556530707220693     
   1.8809696734311063     
   1.9055103999498524     
   1.9295171991778461     
   1.9530184521261016     
   1.9760046642679379     
   1.9984612147374368     
   2.0203743062802082     
   2.0417349292752807     
   2.0625489957976351     
   2.0828431028638112     
   2.1025268217333477     
   2.1206114085114365     
   2.1335650814035945     
   2.1371821892579228     
   2.1431180504190182     
   2.1945787629899565     
   2.2981638165821709     
   2.3179802679878168     
   2.1890717161863780     
   2.1484172343593286     
   2.1552747571785877     
   1.9607065531216743     
   1.7016978497133117     
   1.1286838866378637     
  0.54036773897196055     
  0.48680770264728263     
  0.29832748019581667     
   7.3429285131125302E-002
 -0.14305695627984277     
 -0.38674970175788631     
 -0.17022304014100223     
  -7.1459421573824025E-002
 -0.59657874762708896     
  0.28537044886650825     
  0.82754259341079162     
  0.23819826389736806     
   3.9853088144815167     
   11.604076273103464     
   14.960097946637223     
   11.196771531544423     
   5.1661586332409115     
   1.4240035131419946     
  0.44837549551393369     
  0.75685697639862470     
   1.2248378815098855     
   1.5100509224691576     
   1.6403845898599934     
   1.6980571488092386     
   1.7304363132018303     
   1.7555108375889803     
   1.7785419146934436     
   1.8007802448248689     
   1.8224664803774486     
   1.8436292717282345     
   1.8642597213907548     
   1.8843438244469721     
   1.9038679627262449     
   1.9228211006529921     
   1.9412012987078848     
   1.9590347719459384     
   1.9763862294809678     
   1.9931270647392545     
   2.0077167579109645     
   2.0148706940597618     
   2.0080782359423517     
   1.9985280995897869     
   2.0281246986994552     
   2.1033625960721931     
   2.1280894412560039     
   2.0700594094493527     
   2.0203619566530180     
   1.8938656499348179     
   1.6015564809841722     
   1.0618829913945247     
  0.45283899200309896     
  0.35540289853925661     
  0.30407025509580754     
  0.20136881546947971     
  0.27261870554863199     
  0.25540728850336869     
  0.35307335684013824     
  0.45176999429931247     
 -0.10373693328373379     
  0.49976234257132751     
  0.78166248678504457     
  0.12829955778967467     
   3.9021890090838953     
   11.527125552715599     
   14.876874490956796     
   11.128268790703780     
   5.1260452873233264     
   1.4041947838620734     
  0.43460603009657439     
  0.74103019287962468     
   1.2052024271553927     
   1.4873149486380750     
   1.6153756347596020     
   1.6711930835544548     
   1.7018543254328247     
   1.7252319908435858     
   1.7465512977678723     
   1.7670541577625156     
   1.7869797111917247     
   1.8063567368243278     
   1.8251768075812442     
   1.8434264556548883     
   1.8610924510409144     
   1.8781630079424081     
   1.8946302778028155     
   1.9105008990364158     
   1.9258269213193429     
   1.9407244087895816     
   1.9550552519680569     
   1.9668759776068174     
   1.9697874040581971     
   1.9556784696730509     
   1.9315115551506457     
   1.9259739344168829     
   1.9399972495154247     
   1.9201549927897483     
   1.8485593525867126     
   1.7193246025127804     
   1.4476629770027563     
  0.93884513159949368     
  0.42042629223179112     
  0.41049079960891482     
  0.48719313305310380     
  0.48749201293611938     
  0.65184203842851085     
  0.55850981494568197     
  0.55942398370393032     
  0.61404677373209493     
  -5.9415086096629099E-002
  0.39896962229543420     
  0.62092679688609864     
  -1.1514207920327681E-002
   3.7794570697107042     
   11.380716050406340     
   14.706475592026981     
   10.967189923554644     
   4.9929179295106554     
   1.2912885354332353     
  0.32689654516384103     
  0.62999983079108124     
   1.0890624658556258     
   1.3668595370045964     
   1.4915073173115967     
   1.5443739891602075     
   1.5722484533294698     
   1.5928808993995756     
   1.6114590610940989     
   1.6292160551909252     
   1.6463898708079023     
   1.6630098404131763     
   1.6790684329408860     
   1.6945531489811996     
   1.7094517025840252     
   1.7237528632648367     
   1.7374470235860777     
   1.7505292372472794     
   1.7630143069396391     
   1.7749813790852749     
   1.7866014797939125     
   1.7977681981678739     
   1.8064867500082533     
   1.8064901321463012     
   1.7896379726822764     
   1.7573550188065039     
   1.7215094651007039     
   1.6759990444351092     
   1.5922811879490986     
   1.4483830856130628     
   1.1991735936921666     
  0.76097914997154692     
  0.36732236523402423     
  0.41300632992273051     
  0.51731864912297532     
  0.51731048020848769     
  0.62765026879437791     
  0.44851609013098409     
  0.40036031856035847     
  0.40185879621094606     
 -0.33610588932916963     
   8.3486837128449343E-002
  0.30411085725707920     
 -0.30801710251557929     
   3.4792124314864208     
   11.039502726466973     
   14.332619906216522     
   10.600155147578896     
   4.6533330799599835     
  0.97085920898882538     
   9.6364387649371733E-003
  0.30694558696140889     
  0.75839742546372824     
   1.0294787939247665     
   1.1484046434348256     
   1.1960727013451236     
   1.2189568356774563     
   1.2346789331944197     
   1.2483881481189920     
   1.2613091938964538     
   1.2736796583112970     
   1.2855302357776610     
   1.2968550924530069     
   1.3076434840402158     
   1.3178848788930160     
   1.3275696958629721     
   1.3366892473047396     
   1.3452356168747377     
   1.3532050847858976     
   1.3606187480755063     
   1.3675765772475317     
   1.3742794306242170     
   1.3806684191182255     
   1.3850825499791590     
   1.3825303791800356     
   1.3663318565090190     
   1.3340602644383748     
   1.2856179425029663     
   1.2107327553633698     
   1.0892527232884457     
  0.89142382046341850     
  0.56089984845714691     
  0.27963812539598526     
  0.32016622936097955     
  0.39922808208036076     
  0.36009722793466026     
  0.41968412355961154     
  0.20525646981076859     
  0.13461081411714065     
  0.10832954723997902     
 -0.64481246589558694     
 -0.22883973078096193     
  -5.2917453075648248E-003
 -0.60644078146667191     
   3.1674608622156382     
   10.680215616136488     
   13.938347988860542     
   10.213996769707606     
   4.2970295825800582     
  0.63531741768233752     
 -0.32214987921014676     
  -3.0519101471292397E-002
  0.41338759466578673     
  0.67789657535672698     
  0.79131085044018790     
  0.83402686561760053     
  0.85218569582262760     
  0.86327413954262022     
  0.87240072803805790     
  0.88078121442698420     
  0.88865259569123667     
  0.89604680899284672     
  0.90295960398562403     
  0.90938187233326928     
  0.91530472030449694     
  0.92072017826565844     
  0.92562098717517893     
  0.92999954867403190     
  0.93384697035383768     
  0.93715852878710781     
  0.93995774658546449     
  0.94233972208606087     
  0.94447402288657389     
  0.94632824156571238     
  0.94672353117872132     
  0.94225967782874309     
  0.92820630701588791     
  0.90046011820326666     
  0.85316568196073195     
  0.77365205514905400     
  0.63929974668794121     
  0.40823172536607305     
  0.21200226540275469     
  0.23395544334559440     
  0.29017543594039891     
  0.22854985084394375     
  0.27050085599581913     
   4.7804103274695815E-002
  -2.9792421968010768E-002
  -6.3641694838655102E-002
 -0.81349445769895268     
 -0.39583502524028175     
 -0.17213710566009111     
 -0.76493432886023516     
   2.9937901616578428     
   10.457448037996324     
   13.681361836348856     
   9.9687671162285891     
   4.0861832918889167     
  0.44890428242148533     
 -0.50217644086791213     
 -0.21408121450737810     
  0.22435245843660004     
  0.48441649235476830     
  0.59449055460975830     
  0.63443841677820156     
  0.65004997098345874     
  0.65866944348446044     
  0.66536197413417986     
  0.67133307265995157     
  0.67681823815797126     
  0.68184982506834724     
  0.68642435869467744     
  0.69053356503191976     
  0.69416939326023952     
  0.69732471398101858     
  0.69999307111903564     
  0.70216741308420116     
  0.70383796153314448     
  0.70499254843725501     
  0.70562410328757441     
  0.70574266835469102     
  0.70539114566205763     
  0.70464562982629764     
  0.70339774997212545     
  0.70070497363045270     
  0.69420044474483278     
  0.68008769737809516     
  0.65274557998506855     
  0.60207458297117988     
  0.50834545887399885     
  0.33324470910626158     
  0.18436744626915266     
  0.19709839402710583     
  0.24501641731277155     
  0.17823588706878754     
  0.21764365637037192     
  -4.9085518668349429E-003
  -8.2481123603987613E-002
 -0.11676526359153956     
 -0.85977916847081282     
 -0.44103110308716087     
 -0.21819923832996438     
 -0.80219356925362306     
   2.9411393368781007     
   10.354528806120912     
   13.544821891027105     
   9.8472712016338715     
   4.0031948510815640     
  0.39361174546339206     
 -0.54885505897317666     
 -0.26255356322878642     
  0.17207809293995510     
  0.42942241278014764     
  0.53792445263730126     
  0.57688427777882978     
  0.59172249295283774     
  0.59963347176632309     
  0.60563636037522128     
  0.61092529696805220     
  0.61573352889556932     
  0.62009315655868369     
  0.62400082868235918     
  0.62744846092799922     
  0.63042820696608615     
  0.63293314854034355     
  0.63495703784895818     
  0.63649297658182735     
  0.63753101951714086     
  0.63805725960651949     
  0.63805622748259139     
  0.63750745574770840     
  0.63637384834371635     
  0.63460743677438924     
  0.63210315057733035     
  0.62843879303672323     
  0.62243045852155021     
  0.61144276783896112     
  0.59038671584757696     
  0.54962965831847033     
  0.46989656287526754     
  0.31267478991075220     
  0.17994701150171333     
  0.19070129129442165     
  0.23736642499109326     
  0.17111383760376117     
  0.21096678886693837     
  -9.8427575593664392E-003
  -8.5727791893512206E-002
 -0.11950376240996614     
 -0.85570188986715656     
 -0.43665589607248861     
 -0.21493942646241890     
 -0.78956380354137867     
   2.9375536035716592     
   10.298539214751068     
   13.454717407636350     
   9.7743603151229497     
   3.9717678425985565     
  0.39200505735182123     
 -0.54074511717913254     
 -0.25560943964635174     
  0.17578516512529216     
  0.43103606714092474     
  0.53864285242532928     
  0.57731148969353907     
  0.59207575047079541     
  0.59997334462240293     
  0.60597524848463846     
  0.61126351067880391     
  0.61606877683563455     
  0.62042262226186617     
  0.62432156397781757     
  0.62775745651736325     
  0.63072240982736216     
  0.63320947146983475     
  0.63521236385001800     
  0.63672414280465861     
  0.63773473188948337     
  0.63822975412787009     
  0.63819181042683837     
  0.63759263476417616     
  0.63636917308199403     
  0.63440964949949652     
  0.63150826473179900     
  0.62718995616008932     
  0.62042619962339807     
  0.60895473649320997     
  0.58800141482511137     
  0.54800335386462184     
  0.46950006391099225     
  0.31330306396959090     
  0.18187794330724183     
  0.19273270374933169     
  0.23948575216977852     
  0.17427009713892741     
  0.21440851141497236     
  -4.7135946393969431E-003
  -7.8990079083379683E-002
 -0.11260714556252296     
 -0.84219197674332591     
 -0.42333209877684980     
 -0.20291448811394822     
 -0.76791488238767647     
   2.9416416238296588     
   10.247499156116485     
   13.368451688903663     
   9.7067995531735125     
   3.9480228345319661     
  0.39956882680013900     
 -0.52298600654532357     
 -0.23900374237575667     
  0.18910855560827022     
  0.44228640692922366     
  0.54907329487869416     
  0.58755116898598636     
  0.60234980236030455     
  0.61034371818972100     
  0.61645379087420071     
  0.62184948957250008     
  0.62675873073715505     
  0.63121251320595817     
  0.63520718457157777     
  0.63873450260141262     
  0.64178649810069477     
  0.64435614907210026     
  0.64643711357412592     
  0.64802237343911206     
  0.64910173400213567     
  0.64966059915204588     
  0.64968106396811076     
  0.64913311074777280     
  0.64794727521375772     
  0.64599262277275993     
  0.64301961235849225     
  0.63848338999776011     
  0.63129285445079952     
  0.61917686446411369     
  0.59738099458368321     
  0.55629027747750837     
  0.47623592099531242     
  0.31756795127839760     
  0.18386495658416654     
  0.19492040263790000     
  0.24158353244572414     
  0.17709323003384542     
  0.21716487779822807     
  -4.3952269167887029E-004
  -7.3330118445143144E-002
 -0.10704595274087338     
 -0.82996111267952033     
 -0.41158638209624232     
 -0.19263048595471244     
 -0.74785008991837609     
   2.9426649218234311     
   10.190534844687745     
   13.275004959770531     
   9.6334026879477967     
   3.9205987659490966     
  0.40477340455396055     
 -0.50726654096982260     
 -0.22457887077940877     
  0.20005433190204272     
  0.45102880421536296     
  0.55692135048290714     
  0.59516028371877427     
  0.60995442868016170     
  0.61800871922838008     
  0.62419207148767297     
  0.62966094594887334     
  0.63464045872399411     
  0.63916103565456250     
  0.64321887122995225     
  0.64680564416355313     
  0.64991332334933849     
  0.65253483372714605     
  0.65466378504452016     
  0.65629310221110049     
  0.65741249676047719     
  0.65800721690039821     
  0.65805912392584986     
  0.65753768547452973     
  0.65637177519250578     
  0.65442549994701738     
  0.65143643845549581     
  0.64683212477970031     
  0.63947747901397800     
  0.62704919362218370     
  0.60473591146234806     
  0.56283864531164163     
  0.48152883543830693     
  0.32085866858544942     
  0.18508995807468601     
  0.19619041920221306     
  0.24255521442476372     
  0.17862992982762566     
  0.21847374227700642     
   2.3516080090454010E-003
  -6.9237451943528566E-002
 -0.10313644656876801     
 -0.81917730970869451     
 -0.40149724582321356     
 -0.18412672415273365     
 -0.72939916226499246     
   2.9406056939458498     
   10.127653078354218     
   13.174399736436316     
   9.5541862463234573     
   3.8894965915613460     
  0.40760967089307654     
 -0.49359723615043799     
 -0.21234214856150743     
  0.20861922044274894     
  0.45726357497352382     
  0.56219046382221149     
  0.60014520268852001     
  0.61489888084748145     
  0.62298050491189116     
  0.62920519554903798     
  0.63471597947622627     
  0.63973510142835022     
  0.64429241694194017     
  0.64838398273077003     
  0.65200141508716924     
  0.65513663708201286     
  0.65778253588259017     
  0.65993268763906332     
  0.66157997547670955     
  0.66271403490637359     
  0.66331998363514233     
  0.66337950616789321     
  0.66286177809762936     
  0.66169493005797331     
  0.65974130125621300     
  0.65673436676698271     
  0.65209203041442176     
  0.64466042730304851     
  0.63208535544408917     
  0.60950845280325228     
  0.56715836791955088     
  0.48508167165849836     
  0.32310715863918771     
  0.18587037732156203     
  0.19693911176706549     
  0.24291931763072469     
  0.17952791282588113     
  0.21908637216096188     
   4.4932902830835146E-003
  -6.5798157396452533E-002
  -9.9890814609092771E-002
 -0.80880095573802557     
 -0.39198929914973391     
 -0.17630292189396501     
 -0.71144606655914366     
   2.9366061223583770     
   10.060037323008173     
   13.067851626755285     
   9.4703752547502233     
   3.8559407200626286     
  0.40930704675772972     
 -0.48073478059998115     
 -0.20103177410453354     
  0.21608423536266111     
  0.46229029944718353     
  0.56619813120483753     
  0.60384094873219252     
  0.61853548147385096     
  0.62662853211284375     
  0.63287960288707634     
  0.63841786038083925     
  0.64346260164951607     
  0.64804310850385205     
  0.65215530896727536     
  0.65579076730910968     
  0.65894137066291814     
  0.66159997754856292     
  0.66376013910803311     
  0.66541470570723327     
  0.66655324806425209     
  0.66716076797806501     
  0.66721879342723012     
  0.66669625831508983     
  0.66552073192639094     
  0.66355341030864301     
  0.66052557917776666     
  0.65585030930657051     
  0.64836408125034506     
  0.63569476972185301     
  0.61295140081901467     
  0.57030622156721644     
  0.48770449914194003     
  0.32479205353274510     
  0.18642726952179733     
  0.19744020676514759     
  0.24300212640866442     
  0.18015689843073035     
  0.21940606940662291     
   6.4169951796749407E-003
  -6.2555092369974807E-002
  -9.6830744450376455E-002
 -0.79834134210874796     
 -0.38256041901750060     
 -0.16864737896184812     
 -0.69347496362109351     
   2.9311983969298963     
   9.9882520755120510     
   12.955947798299457     
   9.3825559143994592     
   3.8205060630975458     
  0.41043509673075518     
 -0.46810568794382224     
 -0.19006552540058658     
  0.22304113479154736     
  0.46670966359203592     
  0.56955336060535178     
  0.60686451982032563     
  0.62148905851982184     
  0.62958536574059143     
  0.63585552071407114     
  0.64141440596840638     
  0.64647829286322278     
  0.65107588345843814     
  0.65520298341338756     
  0.65885111259942886     
  0.66201212933497244     
  0.66467886986824098     
  0.66684486619351879     
  0.66850294225515405     
  0.66964261256495272     
  0.67024877462925891     
  0.67030281403292968     
  0.66977344857398535     
  0.66858775432586492     
  0.66660595595442607     
  0.66355761474385233     
  0.65885219951450946     
  0.65131922812240417     
  0.63857356555600908     
  0.61569925122641667     
  0.57282325635265574     
  0.48980750644276067     
  0.32614692880548507     
  0.18683367592278344     
  0.19778287044507659     
  0.24290657358615095     
  0.18063000257182935     
  0.21955432630604144     
   8.2508524498830175E-003
  -5.9374451251765666E-002
  -9.3817702038400147E-002
 -0.78765942569580927     
 -0.37306851769888816     
 -0.16101520081901879     
 -0.67534307222999879     
   2.9245362030934983     
   9.9124784466448634     
   12.838886604034293     
   9.2909192605424451     
   3.7833657187559950     
  0.41115522062505960     
 -0.45555061521214457     
 -0.17928110560009416     
  0.22965603077080768     
  0.47069100618332854     
  0.57242813619275168     
  0.60939024965740940     
  0.62393617909500343     
  0.63202976138807476     
  0.63831386930717793     
  0.64388868207729422     
  0.64896736773824104     
  0.65357804203627567     
  0.65771639388030956     
  0.66137390562519593     
  0.66454241314543461     
  0.66721473603839732     
  0.66938439225862767     
  0.67104418493901674     
  0.67218358031474035     
  0.67278738262741400     
  0.67283684835597923     
  0.67230050190107826     
  0.67110498036401844     
  0.66910964564772302     
  0.66604256533461981     
  0.66131015502418589     
  0.65373613755282156     
  0.64092475628520584     
  0.61793965378338422     
  0.57487091146503388     
  0.49151294829080472     
  0.32724039325154392     
  0.18710602674805279     
  0.19798701015076003     
  0.24265537808577559     
  0.18097170761119744     
  0.21955741201024409     
   1.0021913512833346E-002
  -5.6228541438209254E-002
  -9.0823131937192464E-002
 -0.77672907196415863     
 -0.36348660610002481     
 -0.15337855654855687     
 -0.65702661613064517     
   2.9166529344789822     
   9.8327764828840394     
   12.716743995414653     
   9.1955316566098020     
   3.7445655294504108     
  0.41149925054231468     
 -0.44304175343353708     
 -0.16864954758713946     
  0.23595994441743212     
  0.47426680642371261     
  0.57485580955943960     
  0.61145207211271446     
  0.62591125513072554     
  0.63399657879645899     
  0.64028994835221620     
  0.64587642594076999     
  0.65096599972056624     
  0.65558619266499385     
  0.65973258246643174     
  0.66339662072899142     
  0.66657012712657315     
  0.66924591009008305     
  0.67141747850203126     
  0.67307762017170747     
  0.67421576092816193     
  0.67481662281527832     
  0.67486134658019026     
  0.67431828594369292     
  0.67311369255454012     
  0.67110616823045044     
  0.66802248908199802     
  0.66326646817730184     
  0.65565694199439439     
  0.64278940491558689     
  0.61971094158178686     
  0.57648234552748678     
  0.49284581870460969     
  0.32808619514134135     
  0.18724661712930196     
  0.19805552670400439     
  0.24225203364967868     
  0.18118559933103123     
  0.21941932536010925     
   1.1733714402563326E-002
  -5.3114184643733804E-002
  -8.7843742038651404E-002
 -0.76555007287030485     
 -0.35381404315863996     
 -0.14573636468339971     
 -0.63852901067172008     
   2.9075549793804405     
   9.7491799105355241     
   12.589569721538156     
   9.0964324504098215     
   3.7041231907793644     
  0.41147000124940480     
 -0.43058084820381104     
 -0.15817181651474915     
  0.24195361141627253     
  0.47743888740898077     
  0.57683869054348369     
  0.61305248814043134     
  0.62741687454838069     
  0.63548846487496802     
  0.64178645889272301     
  0.64738039362728172     
  0.65247700201641223     
  0.65710320804065192     
  0.66125448376125273     
  0.66492225681251982     
  0.66809833691433329     
  0.67077552681036279     
  0.67294733126978812     
  0.67460652827160328     
  0.67574251117217632     
  0.67633993104062184     
  0.67637982649338324     
  0.67583040361862912     
  0.67461758282579820     
  0.67259930941511614     
  0.66950126956021416     
  0.66472511720146188     
  0.65708568365457598     
  0.64417151927665428     
  0.62101687739627054     
  0.57766074448241833     
  0.49380835106992427     
  0.32868537148367893     
  0.18725522535877534     
  0.19798830829950761     
  0.24169666754335756     
  0.18127161233885022     
  0.21914017673537092     
   1.3385662880778727E-002
  -5.0032507166799571E-002
  -8.4880679628146480E-002
 -0.75412685513903766     
 -0.34405484917591989     
 -0.13809223671001467     
 -0.61985844225013431     
   2.8972444965288338     
   9.6617192582436004     
   12.457410801170006     
   8.9936578033260481     
   3.6620524394260809     
  0.41106581187714297     
 -0.41817431009800188     
 -0.14785357643090499     
  0.24763305649664460     
  0.48020432938823165     
  0.57837429679776886     
  0.61418914894439969     
  0.62845071511357453     
  0.63650309518630266     
  0.64280106925516112     
  0.64839824708729843     
  0.65349803231850534     
  0.65812674396837556     
  0.66227975411400908     
  0.66594847322648121     
  0.66912470733349072     
  0.67180125897892617     
  0.67397163378267433     
  0.67562860540516678     
  0.67676154273349964     
  0.67735503724166768     
  0.67739003924100150     
  0.67683463055867443     
  0.67561445530824238     
  0.67358690724461112     
  0.67047678624066143     
  0.66568403398827103     
  0.65802036234696160     
  0.64506918676029157     
  0.62185566259370362     
  0.57840446796471312     
  0.49439916140118778     
  0.32903701357950232     
  0.18713146982578732     
  0.19778501407610269     
  0.24098913359529767     
  0.18122935742788496     
  0.21871971750712821     
   1.4976742706537328E-002
  -4.6985099717054654E-002
  -8.1935590312056397E-002
 -0.74246445743552902     
 -0.33421361111649517     
 -0.13045031252036779     
 -0.60102363275247839     
   2.8857237149661152     
   9.5704262139809213     
   12.320315941074675     
   8.8872451793429690     
   3.6183676161766827     
  0.41028517978921292     
 -0.40582851409455800     
 -0.13770042526266360     
  0.25299442214584206     
  0.48256036191097645     
  0.57946030906179247     
  0.61485987393424202     
  0.62901062454668744     
  0.63703831563123214     
  0.64333161769555414     
  0.64892781712564140     
  0.65402691544517333     
  0.65865462098723537     
  0.66280621153979202     
  0.66647308723062959     
  0.66964705666141700     
  0.67232092766348617     
  0.67448821166888073     
  0.67614168354105031     
  0.67727069575678656     
  0.67785979170967181     
  0.67788984742973202     
  0.67732884413272354     
  0.67610220520241915     
  0.67406687906042717     
  0.67094698488212845     
  0.66614120273331456     
  0.65845901732298084     
  0.64548052862327931     
  0.62222554524813123     
  0.57871196376351453     
  0.49461701468340430     
  0.32914038326356299     
  0.18687519284757020     
  0.19744551893262774     
  0.24012949932125821     
  0.18105864256066725     
  0.21815789108704775     
   1.6506090152009528E-002
  -4.3973421810412312E-002
  -7.9010007953170633E-002
 -0.73056790679476025     
 -0.32429484771046985     
 -0.12281461371844127     
 -0.58203317931744514     
   2.8729956011783360     
   9.4753342919649377     
   12.178336207302838     
   8.7772340306073406     
   3.5730843696029941     
  0.40912747968965496     
 -0.39354906881669816     
 -0.12771715431908676     
  0.25803471847996773     
  0.48450512321726230     
  0.58009534019747855     
  0.61506342941348402     
  0.62909540878887271     
  0.63709294018524487     
  0.64337691949679798     
  0.64896791975761470     
  0.65406246885816977     
  0.65868565894774744     
  0.66283267924753497     
  0.66649492635607899     
  0.66966421770450246     
  0.67233337188571551     
  0.67449591109214124     
  0.67614461690920324     
  0.67726883350023392     
  0.67785306780276355     
  0.67787813575718725     
  0.67731194184323740     
  0.67607974478057564     
  0.67403815487755869     
  0.67091081774914985     
  0.66609560530372058     
  0.65840067241066136     
  0.64540463039001339     
  0.62212570414901691     
  0.57858255035747441     
  0.49446142926552644     
  0.32899525313217653     
  0.18648651314525033     
  0.19696997319840731     
  0.23911811048408985     
  0.18075954177416620     
  0.21745490563768485     
   1.7973070212387442E-002
  -4.0998722960969194E-002
  -7.6105273678971699E-002
 -0.71844213425373138     
 -0.31430292312320351     
 -0.11518895469205984     
 -0.56289546118347289     
   2.8590639495777084     
   9.3764789132275492     
   12.031525100576346     
   8.6636658778451796     
   3.5262197456545352     
  0.40759305987691746     
 -0.38134071728435620     
 -0.11790764785672379     
  0.26275192463241748     
  0.48603776283667405     
  0.58027903914218959     
  0.61479963381502223     
  0.62870493834888064     
  0.63666685822851632     
  0.64293687526522902     
  0.64851846553769243     
  0.65360461309323648     
  0.65821978857785901     
  0.66235909834351214     
  0.66601394223417576     
  0.66917615273494346     
  0.67183856464746106     
  0.67399471584797455     
  0.67563740014764029     
  0.67675596151258588     
  0.67733488213209436     
  0.67735493218493914     
  0.67678396346283920     
  0.67554712646021475     
  0.67350080135972590     
  0.67036836842241943     
  0.66554734669804727     
  0.65784546154094614     
  0.64484166579101154     
  0.62155636725913144     
  0.57801652258641423     
  0.49393275896505101     
  0.32860195274780557     
  0.18596583170879247     
  0.19635880920824358     
  0.23795559811797701     
  0.18033240280000140     
  0.21661124212262950     
   1.9377285458618158E-002
  -3.8062033183070575E-002
  -7.3222525658505913E-002
 -0.70609196251442163     
 -0.30424203388895349     
 -0.10757692825235540     
 -0.54361862260048532     
   2.8439333951438295     
   9.2738974064117574     
   11.879938550074325     
   8.5465843076627408     
   3.4777921929850537     
  0.40568325351574114     
 -0.36920732276120766     
 -0.10827486717957652     
  0.26714500645124978     
  0.48715846083297781     
  0.58001211067188407     
  0.61406937660299687     
  0.62784016536609522     
  0.63576104962911739     
  0.64201248460521521     
  0.64758047255772466     
  0.65265438456601932     
  0.65725806430533373     
  0.66138654073292891     
  0.66503122358986222     
  0.66818396657593226     
  0.67083762610585496     
  0.67298576062626347     
  0.67462118164999885     
  0.67573324106307042     
  0.67630640807136044     
  0.67632142152415198     
  0.67574610469176799     
  0.67450555652759625     
  0.67245603559973355     
  0.66932086562108395     
  0.66449766887988393     
  0.65679464251672448     
  0.64379291027646268     
  0.62051882453258123     
  0.57701516293945321     
  0.49303220161452799     
  0.32796137323418290     
  0.18531383177153060     
  0.19561274133263382     
  0.23664287855490110     
  0.17977784727947216     
  0.21562765459556982     
   2.0718576869522078E-002
  -3.5164161684167992E-002
  -7.0362697186510753E-002
 -0.69352210202872366     
 -0.29411620442368691     
  -9.9981900102324425E-002
 -0.52421056501820662     
   2.8276094160830412     
   9.1676289978038454     
   11.723634896120807     
   8.4260349598121280     
   3.4278215622184516     
  0.40340039231215896     
 -0.35715183948137985     
  -9.8820806102254341E-002
  0.27121397224500454     
  0.48786848684004053     
  0.57929636832591824     
  0.61287465811840525     
  0.62650314844369714     
  0.63437759764918866     
  0.64060585225334932     
  0.64615606978757767     
  0.65121393806106009     
  0.65580266655477137     
  0.65991721138905657     
  0.66354899851290639     
  0.66668990887903767     
  0.66933282585621523     
  0.67147133329915165     
  0.67309826585768995     
  0.67420299143701878     
  0.67476997805449168     
  0.67477994773379124     
  0.67420071945448068     
  0.67295739742957728     
  0.67090622740145078     
  0.66777068546710838     
  0.66294895301307899     
  0.65525059920125894     
  0.64226074313470616     
  0.61901542993609548     
  0.57558074347873456     
  0.49176180099857170     
  0.32707496940035913     
  0.18453148101198155     
  0.19473276816914289     
  0.23518115556175934     
  0.17909677304190652     
  0.21450517251704859     
   2.1997026670801993E-002
  -3.2305693558116022E-002
  -6.7526512764316177E-002
 -0.68073714510019778     
 -0.28392928062276152     
  -9.2407001520078691E-002
 -0.50467893763253102     
   2.8100983385986211     
   9.0577148070544951     
   11.562674891534636     
   8.3020655655422324     
   3.3763292151782522     
  0.40074800786383413     
 -0.34517602131962444     
  -8.9546135317365882E-002
  0.27496024882831932     
  0.48817054590869791     
  0.57813500912572591     
  0.61121877581367945     
  0.62469716086960869     
  0.63251974764744245     
  0.63872022421147678     
  0.64424852583596404     
  0.64928657389135136     
  0.65385692886436420     
  0.65795447572641819     
  0.66157066211766291     
  0.66469740205749939     
  0.66732761112110828     
  0.66945490334666924     
  0.67107214190264730     
  0.67216871877560569     
  0.67272911259186663     
  0.67273404309161289     
  0.67215134920316499     
  0.67090619718651801     
  0.66885492877776709     
  0.66572138104311940     
  0.66090474905518182     
  0.65321687112613791     
  0.64024867711153266     
  0.61704963112194644     
  0.57371655569706759     
  0.49012447695570055     
  0.32594478754402795     
  0.18362005699664680     
  0.19372019786002043     
  0.23357194547544957     
  0.17829037923933722     
  0.21324512577860702     
   2.3212983726255045E-002
  -2.9486964089230915E-002
  -6.4714461963487221E-002
 -0.66774153791747082     
 -0.27368490126574496     
  -8.4855098033207038E-002
 -0.48503109460812099     
   2.7914074095957768     
   8.9441980085346326     
   11.397122075082841     
   8.1747266773196348     
   3.3233391844362976     
  0.39773238708349162     
 -0.33327858564839075     
  -8.0448264372357664E-002
  0.27838851590257641     
  0.48807031752768482     
  0.57653374241970268     
  0.60910704152825845     
  0.62242710746154439     
  0.63019216812027867     
  0.63636019182437931     
  0.64186243913563512     
  0.64687692708227484     
  0.65142552875356396     
  0.65550305246300500     
  0.65910097131805212     
  0.66221123784520564     
  0.66482680495796431     
  0.66694132157458952     
  0.66854768469349057     
  0.66963531838527979     
  0.67018872365502491     
  0.67018863250374883     
  0.66960292799921128     
  0.66835689509127727     
  0.66630708011065143     
  0.66317788885760420     
  0.65836998237568822     
  0.65069836012211824     
  0.63776156494320579     
  0.61462617579775514     
  0.57142711649718103     
  0.48812422822433327     
  0.32457364215657858     
  0.18258129757661301     
  0.19257679766656161     
  0.23181722580936337     
  0.17736031408296937     
  0.21184929138064096     
   2.4367209564390938E-002
  -2.6707913443560022E-002
  -6.1926654267243336E-002
 -0.65453943120864044     
 -0.26338633100685177     
  -7.7328546299902240E-002
 -0.46527360396969603     
   2.7715458897732765     
   8.8271260186949387     
   11.227046412924089     
   8.0440767571019585     
   3.2688844715582963     
  0.39436974907495437     
 -0.32144760957513535     
  -7.1513851281985688E-002
  0.28151342074566188     
  0.48758182377786069     
  0.57450452457839807     
  0.60654907286650406     
  0.61970093005336491     
  0.62740198290469185     
  0.63353261879718736     
  0.63900465081822111     
  0.64399188692642406     
  0.64851541676437352     
  0.65256995185514965     
  0.65614699162365264     
  0.65923853199697557     
  0.66183756819399175     
  0.66393778859937236     
  0.66553212925111227     
  0.66661005421196129     
  0.66715609856532743     
  0.66715102107353297     
  0.66656277301985500     
  0.66531681440481216     
  0.66327000428282101     
  0.66014752365956508     
  0.65535194850746925     
  0.64770232427708430     
  0.63480659180849053     
  0.61175210175668149     
  0.56871915254620475     
  0.48576709024126380     
  0.32296591968132016     
  0.18141804997484781     
  0.19130543906811703     
  0.22992007586552199     
  0.17630931072992367     
  0.21032052414865560     
   2.5461504628015226E-002
  -2.3967461048789683E-002
  -5.9162170590743579E-002
 -0.64113390362981670     
 -0.25303520535383045     
  -6.9826594932094740E-002
 -0.44540690278445233     
   2.7505342621725539     
   8.7065632681870984     
   11.052539395707459     
   7.9101989407713873     
   3.2130252978130396     
  0.39070605146915993     
 -0.30963944401203153     
  -6.2697707552220816E-002
  0.28437861830617733     
  0.48674240958418991     
  0.57207552123679817     
  0.60356480134459256     
  0.61653360852262129     
  0.62416210967431862     
  0.63024985568296710     
  0.63568747205743892     
  0.64064385751012853     
  0.64513910963741683     
  0.64916779907889066     
  0.65272144834986190     
  0.65579210096803553     
  0.65837279917428648     
  0.66045727521404585     
  0.66203850919605622     
  0.66310601291208571     
  0.66364436707606855     
  0.66363437159216121     
  0.66304406983172415     
  0.66179915276981072     
  0.65975689957899208     
  0.65664347117340693     
  0.65186380307173752     
  0.64424186240992454     
  0.63139675150314345     
  0.60844019980140607     
  0.56560502983987149     
  0.48306442296292584     
  0.32113020378265539     
  0.18013623154414907     
  0.18991204525043187     
  0.22788660959788065     
  0.17514310498113611     
  0.20866466261625199     
   2.6500631624214250E-002
  -2.1261415204872919E-002
  -5.6416224223458884E-002
 -0.62752172874032275     
 -0.24262085767554781     
  -6.2326688755964373E-002
 -0.42540083751325525     
   2.7284270066941132     
   8.5826074938991468     
   10.873724933767800     
   7.7732100426539148     
   3.1558630179360532     
  0.38684068940007277     
 -0.29774339601970895     
  -5.3880526194745496E-002
  0.28709847531057425     
  0.48564506684180320     
  0.56931086744095805     
  0.60019574119211128     
  0.61295503153295050     
  0.62049833770011842     
  0.62653677854113288     
  0.63193580102871760     
  0.63685795146283197     
  0.64132195220693389     
  0.64532215815571903     
  0.64885010728777914     
  0.65189789409517873     
  0.65445861212913792     
  0.65652604151575900     
  0.65809321111844521     
  0.65914968786792849     
  0.65968010936894605     
  0.65966533079803324     
  0.65907351115318724     
  0.65783062768974765     
  0.65579448608194391     
  0.65269242961451246     
  0.64793219261496471     
  0.64034352823853646     
  0.62755843609937312     
  0.60471655815636327     
  0.56211015969605715     
  0.48003976407825011     
  0.31908414161310750     
  0.17874770554101521     
  0.18840844738739598     
  0.22572881425071245     
  0.17387328401354141     
  0.20689355836820628     
   2.7496292497988160E-002
  -1.8575060400953212E-002
  -5.3664070740726148E-002
 -0.61366408345739742     
 -0.23208658625746062     
  -5.4776371140276323E-002
 -0.40523990741189947     
   2.7052158623416100     
   8.4552534858691129     
   10.690602552148015     
   7.6331145311908006     
   3.0974294514321694     
  0.38287472122846700     
 -0.28557464893987272     
  -4.4817980551168250E-002
  0.28992253370815035     
  0.48448306090625487     
  0.56632926500299718     
  0.59650974827945236     
  0.60901085959986589     
  0.61644975618751141     
  0.62243132475439111     
  0.62778772856535225     
  0.63267262351941633     
  0.63710276711971847     
  0.64107219562235807     
  0.64457245185543310     
  0.64759568395684375     
  0.65013504046343462     
  0.65218435281904319     
  0.65373670278291551     
  0.65478171932580587     
  0.65530410774132208     
  0.65528479220338853     
  0.65469207038655519     
  0.65345226030977299     
  0.65142379922313587     
  0.64833541249110971     
  0.64359806592074831     
  0.63604814778214114     
  0.62333224604166226     
  0.60062129288124166     
  0.55827333085639819     
  0.47672775327740580     
  0.31685053419667447     
  0.17726354201317296     
  0.18680573397989914     
  0.22345813863942521     
  0.17251189818253290     
  0.20502367022104398     
   2.8476835439609344E-002
  -1.5856109115557990E-002
  -5.0838443629869223E-002
 -0.59955186554179463     
 -0.22158250341494690     
  -4.7532037607604723E-002
 -0.38548625248018081     
   2.6801525732576601     
   8.3236578085217747     
   10.502305388943155     
   7.4891254423020195     
   3.0371444197030386     
  0.37856262136229413     
 -0.27303596889611037     
  -3.5145030507816734E-002
  0.29327527317084395     
  0.48354543361525804     
  0.56325643417461979     
  0.59253833087091878     
  0.60469806437055529     
  0.61200461491321656     
  0.61792022027178728     
  0.62322983188140557     
  0.62807448137617294     
  0.63246821277906007     
  0.63640463116667767     
  0.63987527478872253     
  0.64287234844499463     
  0.64538905924573187     
  0.64741929319183089     
  0.64895618882110695     
  0.64998944371774769     
  0.65050384127520200     
  0.65048038795505658     
  0.64988754252273717     
  0.64865201710524056     
  0.64663298374522016     
  0.64356074579716249     
  0.63884992348428471     
  0.63134436038244424     
  0.61870681381092407     
  0.59614245937363142     
  0.55408007436648032     
  0.47310659152764956     
  0.31439703809080100     
  0.17564107490076239     
  0.18506243899140515     
  0.22103744773343995     
  0.17103469519092190     
  0.20305750718038118     
   2.9449142197170562E-002
  -1.3238015234770664E-002
  -4.8481824777769481E-002
 -0.58627481570908169     
 -0.21263345670312356     
  -4.2593651846877099E-002
 -0.36868599985999445     
   2.6502740330191705     
   8.1844823847302841     
   10.305433400306157     
   7.3380193323917391     
   2.9724797842037227     
  0.37232008429388619     
 -0.26065017586588207     
  -2.4529923237911630E-002
  0.29764644998186573     
  0.48301251322972805     
  0.55997120602684280     
  0.58801841618577277     
  0.59971044952841179     
  0.60684647730722818     
  0.61268370428111762     
  0.61794000436199703     
  0.62273928739526307     
  0.62709212997372610     
  0.63099161833402195     
  0.63442928614164196     
  0.63739740211417673     
  0.63988923839175149     
  0.64189874095924992     
  0.64341911059061174     
  0.64444012099967263     
  0.64494664440359695     
  0.64491978253651672     
  0.64432817657578478     
  0.64309898385296749     
  0.64109221061114274     
  0.63803992632120188     
  0.63336080586175947     
  0.62590688533741123     
  0.61335835824805940     
  0.59095665086370697     
  0.54920477050704208     
  0.46885026209497049     
  0.31144306752184309     
  0.17364705375369316     
  0.18295614761016235     
  0.21826761940378792     
  0.16923774211058140     
  0.20057232850232906     
   2.9292748751152071E-002
  -1.2788416969259394E-002
  -4.9063875046958381E-002
 -0.57642041578620640     
 -0.20858325653897827     
  -4.3991833003817739E-002
 -0.35990165465828622     
   2.6092647045962503     
   8.0303967213171301     
   10.091896934185884     
   7.1718565859991443     
   2.8968683699923155     
  0.35943396875228278     
 -0.25033667058300896     
  -1.2887958637568673E-002
  0.30326767825409756     
  0.48247859144618416     
  0.55561320683469873     
  0.58192449573285199     
  0.59298232149322272     
  0.59989827178490251     
  0.60563664426158181     
  0.61082529001874297     
  0.61556677463037335     
  0.61986767595489534     
  0.62372054040397773     
  0.62711691885819443     
  0.63004916358962793     
  0.63251062773261313     
  0.63449533016960424     
  0.63599654488069857     
  0.63700413272358147     
  0.63750306693533942     
  0.63747455696210020     
  0.63688744495410199     
  0.63566937902715692     
  0.63368128938132662     
  0.63065717798111631     
  0.62602010479683357     
  0.61863079689507838     
  0.60618751539630067     
  0.58396942291588660     
  0.54256304076652195     
  0.46292869062452641     
  0.30720045947042229     
  0.17074599947725552     
  0.17994886373932176     
  0.21439385085483514     
  0.16554582366025805     
  0.19482691922587578     
   2.5515134635406986E-002
  -1.5067980276841760E-002
  -5.3032549877364950E-002
 -0.57132197397272166     
 -0.21049492222139010     
  -5.5048038643628894E-002
 -0.36374530383285208     
   2.5489843093909474     
   7.8510387040917564     
   9.8477961164696861     
   6.9771553294351021     
   2.7974483264213816     
  0.33032038245828582     
 -0.24530563848233869     
  -7.9169390122017888E-005
  0.30992180614660070     
  0.48063421018196545     
  0.54835166445137096     
  0.57230207094639507     
  0.58254089739512194     
  0.58917672103120478     
  0.59478186210393968     
  0.59987395930715692     
  0.60453161253800203     
  0.60875729905402753     
  0.61254310142859547     
  0.61588064298563383     
  0.61876240107707758     
  0.62118184339871751     
  0.62313308868176254     
  0.62460950554667294     
  0.62560105983213254     
  0.62609284114511377     
  0.62606617855661728     
  0.62549012921886138     
  0.62429286769464309     
  0.62233631671289591     
  0.61935651762598698     
  0.61478106221754403     
  0.60747945706648454     
  0.59516875305768890     
  0.57317352830294355     
  0.53220588959127579     
  0.45359376180668703     
  0.30047646749071905     
  0.16620019941436540     
  0.17469622089463324     
  0.20705716553490025     
  0.15875345854905965     
  0.18985713742955607     
   2.4269218123777407E-002
  -1.8076364606221428E-002
  -5.6055764875942250E-002
 -0.56635660317727499     
 -0.21603438180570772     
  -7.1697819343014765E-002
 -0.38209819767280023     
   2.4662453238947850     
   7.6345411755132089     
   9.5567158546844393     
   6.7373358922695008     
   2.6528728730355446     
  0.27123603332585106     
 -0.24745740509308664     
   1.5366455904795474E-002
  0.31737446225616217     
  0.47581362359254320     
  0.53615786685841094     
  0.55712752777037278     
  0.56638565356843940     
  0.57267726067935920     
  0.57809955766874244     
  0.58304924682713499     
  0.58758093853981186     
  0.59169341411494047     
  0.59537846547135564     
  0.59862788006825163     
  0.60143432890779713     
  0.60379145100410936     
  0.60569351158603424     
  0.60713401147847335     
  0.60810305180102064     
  0.60858586261109926     
  0.60856390938499350     
  0.60800647827935994     
  0.60684229596843875     
  0.60493430599991083     
  0.60202056771840828     
  0.59753311528092135     
  0.59035079225144405     
  0.57821612102302478     
  0.55653288190572336     
  0.51624963978045935     
  0.43932448054872819     
  0.29039263825856920     
  0.15918050272623974     
  0.16751705833725075     
  0.20343444677614278     
  0.15982209597836475     
  0.18335294057239970     
   2.0306963681171551E-002
  -1.3920465296919485E-002
  -6.1499920972386470E-002
 -0.55317069497236471     
 -0.22119563212294771     
  -8.4256189369458501E-002
 -0.41210665898263149     
   2.3673628384538321     
   7.3637507984767989     
   9.2122713236941145     
   6.4328987997725964     
   2.4312435121696527     
  0.16997710465762381     
 -0.25314855640696921     
   3.6953950873651303E-002
  0.32556940714380417     
  0.46674228713297927     
  0.51783695332126889     
  0.53539242214942606     
  0.54357435829774181     
  0.54946236001621185     
  0.55464058320601806     
  0.55938781025189588     
  0.56373737540195734     
  0.56768518250838929     
  0.57122297488258056     
  0.57434282700822148     
  0.57703769949216244     
  0.57930148534454273     
  0.58112866734025348     
  0.58251293881378008     
  0.58344458740554284     
  0.58390902665512023     
  0.58388789144846565     
  0.58335072040265856     
  0.58222680461295573     
  0.58038006260284070     
  0.57755044658542853     
  0.57317501060346410     
  0.56614784517214245     
  0.55426357705269047     
  0.53308195059238128     
  0.49393913995862182     
  0.41964754901929863     
  0.27671000732228185     
  0.15358269796984039     
  0.16640128851087838     
  0.19103776428245836     
  0.13819873170422223     
  0.18455032934940926     
   1.4505335421266304E-002
  -1.9462328180911665E-002
  -4.8216173700671501E-002
 -0.55187605100086046     
 -0.19611148636156236     
 -0.10776531941443651     
 -0.41979182632949569     
   2.2363076921641865     
   7.0240353570032950     
   8.8331623545806757     
   6.0274272467343843     
   2.0935562322751364     
   2.6524215744081609E-002
 -0.25170415788084621     
   6.7765466431713162E-002
  0.33307249906550451     
  0.45184670335790489     
  0.49249009071257993     
  0.50652689556636687     
  0.51361908944259205     
  0.51904959058700839     
  0.52391289379560846     
  0.52838610801098673     
  0.53248595702927703     
  0.53620649340758786     
  0.53953968480503156     
  0.54247803837576225     
  0.54501492356122205     
  0.54714459295798656     
  0.54886184011892436     
  0.55016063248361868     
  0.55103151563083985     
  0.55146014799325105     
  0.55142838020718254     
  0.55090602229775365     
  0.54982289281184649     
  0.54804380087177196     
  0.54531119317839083     
  0.54107244686449274     
  0.53425820781852040     
  0.52276736240762089     
  0.50239074651708482     
  0.46491331096971134     
  0.39412867875426949     
  0.25897605515904260     
  0.13889529420764138     
  0.13398156276001563     
  0.19027686461669746     
  0.15523121481586508     
  0.14305596507243332     
   4.5495220813063536E-002
  -4.3267703285688970E-002
  -2.2987749992496816E-002
 -0.54303053241376298     
 -0.14425123819848454     
 -0.13495248831816037     
 -0.34569036498181266     
   1.9732744060903531     
   6.6634945494918085     
   8.4436346576975261     
   5.4468050985986105     
   1.6156984298211297     
 -0.13579442432715835     
 -0.22925280100377923     
  0.10664992293410398     
  0.33586287284802835     
  0.42868650045631274     
  0.45881442216210094     
  0.46958415957361305     
  0.47563673566291659     
  0.48055625474914582     
  0.48502600283383523     
  0.48914587916012520     
  0.49292132046146026     
  0.49634553750759369     
  0.49941098952438356     
  0.50211077104977520     
  0.50443879058203489     
  0.50638977589178535     
  0.50795893307429285     
  0.50914059214349550     
  0.50992563259782719     
  0.51030001837781203     
  0.51024584460439026     
  0.50973315603463554     
  0.50869224401696977     
  0.50698953417030690     
  0.50437520516750123     
  0.50032508162677058     
  0.49383911472484132     
  0.48293322850033621     
  0.46358722692958543     
  0.42811165906095111     
  0.36181585335311961     
  0.23681543847013262     
  0.13491820418050093     
  0.17804373407781648     
  0.13450144431230343     
  0.13145577845662679     
  0.18326657112426084     
  -6.2651291254978217E-002
   6.2059449455406188E-002
 -0.14465667263422397     
 -0.36281742933639971     
 -0.24847703640303434     
   8.5618010525968319E-002
 -0.32470302889674202     
   1.4753289164028454     
   6.4529450517646332     
   7.9872629843066143     
   4.5957419986261243     
   1.0280028569132798     
 -0.27022391333460888     
 -0.17665805970173531     
  0.14719052727466028     
  0.32908257347948128     
  0.39549690879210331     
  0.41625084413969837     
  0.42426325329980979     
  0.42935492938208142     
  0.43370816072841106     
  0.43770347157144407     
  0.44138939818685197     
  0.44476487544154530     
  0.44782310709785506     
  0.45055728043349608     
  0.45296122868871463     
  0.45502952965250765     
  0.45675750180449937     
  0.45814086492624473     
  0.45917439817413214     
  0.45984938441010031     
  0.46015213099089886     
  0.46006495491206234     
  0.45955815844444109     
  0.45856360872779139     
  0.45695513010199990     
  0.45450495559959991     
  0.45072546118727608     
  0.44464284045934721     
  0.43434326275260765     
  0.41624040393252543     
  0.38366866189756527     
  0.32331846818837023     
  0.21041273494787410     
   9.5499803478820797E-002
   5.6058362443891403E-002
  0.24432299257747694     
  -3.1487011082032661E-002
  0.17913196975632714     
 -0.11744143190567996     
   4.1480834767569866E-003
 -0.12530278751602927     
 -0.31499386341459407     
 -0.36234345993567663     
  0.84847813619172208     
 -0.89278406675197119     
  0.96397270575639848     
   6.5488466711095921     
   7.2515740944386469     
   3.4445268703474978     
  0.43528518890557305     
 -0.32898881536470753     
  -9.8846853415356831E-002
  0.17869592052279765     
  0.30853091608972538     
  0.35152755812751990     
  0.36487030435954010     
  0.37071961615154098     
  0.37492028655285137     
  0.37864887681251769     
  0.38209135397526861     
  0.38526662870420608     
  0.38817071308373663     
  0.39079740827122017     
  0.39314082599670441     
  0.39519567712657266     
  0.39695732983733140     
  0.39842179993608512     
  0.39958541225753941     
  0.40044346730950520     
  0.40098769214470054     
  0.40120474483318003     
  0.40107736294738622     
  0.40057770769388679     
  0.39964460842599930     
  0.39816492664257891     
  0.39591487596495728     
  0.39239932499744118     
  0.38676583824368432     
  0.37751854847715077     
  0.36136693795249875     
  0.33183588428723887     
  0.27801064607266102     
  0.17989144135153112     
  0.15606319243832439     
  0.10327355308305101     
  -7.4028097627012790E-002
  0.13558047507415649     
 -0.31855774838010076     
  0.22035705815651493     
 -0.47823852344335582     
  0.40647137547782036     
  -1.2476706998540694     
  0.75604325084091084     
   1.3992160509766056     
  -2.3780221908940389     
   1.0892519157811944     
   6.7514725266980831     
   5.9790774420711399     
   2.1308637798308303     
  -2.1341817572391120E-002
 -0.29551186745362229     
  -1.6370433163467792E-002
  0.18998279763383671     
  0.27173560375825523     
  0.29670384506355418     
  0.30480192698023101     
  0.30900884349453683     
  0.31235956440093532     
  0.31540648051851372     
  0.31822725298873922     
  0.32082633604816818     
  0.32319909624569937     
  0.32534032053223522     
  0.32724519276190583     
  0.32890941207200142     
  0.33032923149059423     
  0.33150144295031925     
  0.33242303519109889     
  0.33308986167403454     
  0.33349413272309603     
  0.33362321571660697     
  0.33346189756565192     
  0.33298713798943486     
  0.33214147284212842     
  0.33080687919429269     
  0.32878794963431568     
  0.32574711099521503     
  0.32092450641896642     
  0.31255252587169513     
  0.29801806960139560     
  0.27312159482043169     
  0.22776722180915349     
  0.14562740607632854     
 -0.10158140277152425     
  -1.5444916551048486E-002
 -0.61110388658931369     
 -0.38081427679849861     
 -0.12868800697241634     
 -0.22315210928946341     
  0.24053638469440297     
 -0.60852325360944759     
  -1.7097114717852011     
   3.5822940182167002     
  -8.8175431568153093E-002
  -3.8026570613370767     
   2.2170063177148407     
   6.4226893075175377     
   4.1657547025979538     
  0.94699529079860678     
 -0.24809953128407236     
 -0.19803786027770900     
   4.5007637119951330E-002
  0.17490979690555475     
  0.21935099247865070     
  0.23226702300791754     
  0.23696017818797491     
  0.23989241284764209     
  0.24240732901220319     
  0.24472507692611845     
  0.24687185854167693     
  0.24884659802243850     
  0.25064525978082836     
  0.25226383808141867     
  0.25369868561203912     
  0.25494656269158888     
  0.25600466477512129     
  0.25687059931619410     
  0.25754203906697820     
  0.25801544471353743     
  0.25828387320829077     
  0.25833653963310726     
  0.25816125750657104     
  0.25773705190283819     
  0.25701289260565335     
  0.25591018310733143     
  0.25427155408173252     
  0.25164660977050846     
  0.24743078989196032     
  0.24093207161277483     
  0.22949662441745036     
  0.20845942752609975     
  0.17247779245050024     
  0.10931325994018977     
 -0.29830054024432845     
  -2.5072909071787186     
  -1.0059602310151046     
 -0.88158477769670462     
 -0.15149414945328485     
  0.43100786836382454     
  0.60148949701054799     
  -4.1094802305669074     
   2.0266016702187080     
   4.8525989902149398     
  -3.7068280743927899     
  -3.4152853555627156     
   3.5642028264638701     
   5.0394300036794730     
   2.2244804740313393     
  0.16659703606172485     
 -0.26062347532507485     
  -9.2893336638806209E-002
   6.6971378213962263E-002
  0.13371510567198955     
  0.15387595815564739     
  0.15973706043676111     
  0.16228967647794701     
  0.16416294622668678     
  0.16584350358687347     
  0.16740225813084661     
  0.16884529218099714     
  0.17017043962310363     
  0.17137483638238868     
  0.17245578380027549     
  0.17341084354745934     
  0.17423785960042568     
  0.17493497565174027     
  0.17550060525983330     
  0.17593313014928566     
  0.17622989435384256     
  0.17638568470238974     
  0.17639279177871095     
  0.17624285546228757     
  0.17592086818243605     
  0.17538660938703479     
  0.17456428623667983     
  0.17334949144537171     
  0.17157715815039121     
  0.16868413411842070     
  0.16351355367334891     
  0.15523037206758386     
  0.14128441073316200     
  0.11584442759687084     
   7.2742819768959660E-002
  -9.9052037936668711     
  -2.9203417949228712     
 -0.90250480577756254     
  -1.5141170203925700     
  0.55339198311560900     
   3.7066498092664637     
  -5.4489266532736051     
  -2.9771715845427922     
   7.9265065468379658     
  0.95199240321438983     
  -6.1806989656103797     
  -1.1085723452179481     
   3.6893897332182610     
   2.8735627981928165     
  0.74091004141635020     
 -0.14177977502912706     
 -0.16433210440321200     
  -2.9235690667512700E-002
   4.6458259740225105E-002
   7.2105272479061927E-002
   7.9076213690703001E-002
   8.1210722154147721E-002
   8.2345608374074702E-002
   8.3275242772844871E-002
   8.4129870606644133E-002
   8.4925840640617117E-002
   8.5663527988214125E-002
   8.6341508518427881E-002
   8.6958285358417611E-002
   8.7512473616126796E-002
   8.8002822108125489E-002
   8.8428220957844597E-002
   8.8787711240846903E-002
   8.9080495683078895E-002
   8.9305899220745610E-002
   8.9463057044925756E-002
   8.9549952662299440E-002
   8.9562222995460516E-002
   8.9494165671776177E-002
   8.9341659204630594E-002
   8.9095543347407782E-002
   8.8722863837809376E-002
   8.8161678516910702E-002
   8.7320388273637112E-002
   8.6064955964573100E-002
   8.4070708352898774E-002
   8.0498623110127454E-002
   7.4394153223740531E-002
   6.4116585057218095E-002
  -49.291870982419155     
