   3.4622675973916724E-002
   1.7360228971370063E-002
   1.2259277589086818E-002
   1.7360516622548696E-002
   3.4623206094674092E-002
  0.19506187114676476     
   4.6606248714565118E-002
   2.3514698584461344E-002
   4.6610318830256320E-002
  0.19506661478644666     
  0.21668296717714527     
   5.3676229310377015E-002
   2.6888915190740340E-002
   5.3698496688609369E-002
  0.21670998814954232     
  0.19503712637386875     
   4.6615936932598488E-002
   2.3579898448797199E-002
   4.6725166800330620E-002
  0.19518750450824332     
   3.4444804985804323E-002
   1.7381123690750035E-002
   1.2568329303002501E-002
   1.7946225151789424E-002
   3.5323012659798349E-002
